413 
0.1 0.1 0.0
0.10097014250014534 0.10024253562503634 0.0
0.10194028500029068 0.10048507125007267 0.0
0.10291042750043601 0.100727606875109 0.0
0.10388057000058135 0.10097014250014533 0.0
0.10485071250072668 0.10121267812518166 0.0
0.10582085500087202 0.10145521375021799 0.0
0.10679099750101735 0.10169774937525432 0.0
0.10776114000116269 0.10194028500029065 0.0
0.10873128250130802 0.10218282062532698 0.0
0.10970142500145336 0.10242535625036331 0.0
0.11067156750159869 0.10266789187539964 0.0
0.11164171000174403 0.10291042750043597 0.0
0.11261185250188936 0.1031529631254723 0.0
0.1135819950020347 0.10339549875050863 0.0
0.11455213750218003 0.10363803437554496 0.0
0.11552228000232537 0.10388057000058129 0.0
0.1164924225024707 0.10412310562561762 0.0
0.11746256500261604 0.10436564125065395 0.0
0.11843270750276137 0.10460817687569028 0.0
0.11940285000290671 0.10485071250072661 0.0
0.12037299250305204 0.10509324812576294 0.0
0.12134313500319738 0.10533578375079927 0.0
0.12231327750334271 0.1055783193758356 0.0
0.12328342000348805 0.10582085500087193 0.0
0.12425356250363338 0.10606339062590826 0.0
0.12522370500377872 0.1063059262509446 0.0
0.12619384750392404 0.10654846187598092 0.0
0.12716399000406936 0.10679099750101725 0.0
0.12813413250421468 0.10703353312605358 0.0
0.12910427500436 0.10727606875108991 0.0
0.13007441750450532 0.10751860437612624 0.0
0.13104456000465065 0.10776114000116258 0.0
0.13201470250479597 0.1080036756261989 0.0
0.1329848450049413 0.10824621125123524 0.0
0.1339549875050866 0.10848874687627157 0.0
0.13492513000523193 0.1087312825013079 0.0
0.13589527250537725 0.10897381812634423 0.0
0.13686541500552257 0.10921635375138056 0.0
0.1378355575056679 0.10945888937641689 0.0
0.13880570000581322 0.10970142500145322 0.0
0.13977584250595854 0.10994396062648955 0.0
0.14074598500610386 0.11018649625152588 0.0
0.14171612750624918 0.11042903187656221 0.0
0.1426862700063945 0.11067156750159854 0.0
0.14365641250653982 0.11091410312663487 0.0
0.14462655500668514 0.1111566387516712 0.0
0.14559669750683046 0.11139917437670753 0.0
0.14656684000697578 0.11164171000174386 0.0
0.1475369825071211 0.11188424562678019 0.0
0.14850712500726643 0.11212678125181652 0.0
0.14947726750741175 0.11236931687685285 0.0
0.15044741000755707 0.11261185250188918 0.0
0.1514175525077024 0.11285438812692551 0.0
0.1523876950078477 0.11309692375196184 0.0
0.15335783750799303 0.11333945937699817 0.0
0.15432798000813835 0.1135819950020345 0.0
0.15529812250828368 0.11382453062707083 0.0
0.156268265008429 0.11406706625210716 0.0
0.15723840750857432 0.1143096018771435 0.0
0.15820855000871964 0.11455213750217982 0.0
0.15917869250886496 0.11479467312721615 0.0
0.16014883500901028 0.11503720875225248 0.0
0.1611189775091556 0.11527974437728881 0.0
0.16208912000930092 0.11552228000232515 0.0
0.16305926250944625 0.11576481562736148 0.0
0.16402940500959157 0.1160073512523978 0.0
0.1649995475097369 0.11624988687743414 0.0
0.1659696900098822 0.11649242250247047 0.0
0.16693983251002753 0.1167349581275068 0.0
0.16790997501017285 0.11697749375254313 0.0
0.16888011751031817 0.11722002937757946 0.0
0.1698502600104635 0.11746256500261579 0.0
0.17082040251060882 0.11770510062765212 0.0
0.17179054501075414 0.11794763625268845 0.0
0.17276068751089946 0.11819017187772478 0.0
0.17373083001104478 0.11843270750276111 0.0
0.1747009725111901 0.11867524312779744 0.0
0.17567111501133542 0.11891777875283377 0.0
0.17664125751148074 0.1191603143778701 0.0
0.17761140001162606 0.11940285000290643 0.0
0.17858154251177139 0.11964538562794276 0.0
0.1795516850119167 0.11988792125297909 0.0
0.18052182751206203 0.12013045687801542 0.0
0.18149197001220735 0.12037299250305175 0.0
0.18246211251235267 0.12061552812808808 0.0
0.183432255012498 0.12085806375312441 0.0
0.1844023975126433 0.12110059937816074 0.0
0.18537254001278863 0.12134313500319707 0.0
0.18634268251293395 0.1215856706282334 0.0
0.18731282501307928 0.12182820625326973 0.0
0.1882829675132246 0.12207074187830606 0.0
0.18925311001336992 0.1223132775033424 0.0
0.19022325251351524 0.12255581312837872 0.0
0.19119339501366056 0.12279834875341505 0.0
0.19216353751380588 0.12304088437845138 0.0
0.1931336800139512 0.12328342000348771 0.0
0.19410382251409652 0.12352595562852405 0.0
0.19507396501424185 0.12376849125356038 0.0
0.19604410751438717 0.1240110268785967 0.0
0.1970142500145325 0.12425356250363304 0.0
0.1979843925146778 0.12449609812866937 0.0
0.19895453501482313 0.1247386337537057 0.0
0.19992467751496845 0.12498116937874203 0.0
0.20089482001511377 0.12522370500377836 0.0
0.2018649625152591 0.1254662406288147 0.0
0.20283510501540442 0.12570877625385105 0.0
0.20380524751554974 0.1259513118788874 0.0
0.20477539001569506 0.12619384750392373 0.0
0.20574553251584038 0.12643638312896008 0.0
0.2067156750159857 0.12667891875399642 0.0
0.20768581751613102 0.12692145437903277 0.0
0.20865596001627634 0.1271639900040691 0.0
0.20962610251642166 0.12740652562910545 0.0
0.21059624501656699 0.1276490612541418 0.0
0.2115663875167123 0.12789159687917814 0.0
0.21253653001685763 0.1281341325042145 0.0
0.21350667251700295 0.12837666812925083 0.0
0.21447681501714827 0.12861920375428718 0.0
0.2154469575172936 0.12886173937932352 0.0
0.2164171000174389 0.12910427500435986 0.0
0.21738724251758423 0.1293468106293962 0.0
0.21835738501772955 0.12958934625443255 0.0
0.21932752751787488 0.1298318818794689 0.0
0.2202976700180202 0.13007441750450524 0.0
0.22126781251816552 0.13031695312954159 0.0
0.22223795501831084 0.13055948875457793 0.0
0.22320809751845616 0.13080202437961427 0.0
0.22417824001860148 0.13104456000465062 0.0
0.2251483825187468 0.13128709562968696 0.0
0.22611852501889212 0.1315296312547233 0.0
0.22708866751903745 0.13177216687975965 0.0
0.22805881001918277 0.132014702504796 0.0
0.2290289525193281 0.13225723812983234 0.0
0.2299990950194734 0.13249977375486868 0.0
0.23096923751961873 0.13274230937990503 0.0
0.23193938001976405 0.13298484500494137 0.0
0.23290952251990937 0.13322738062997772 0.0
0.2338796650200547 0.13346991625501406 0.0
0.23484980752020002 0.1337124518800504 0.0
0.23581995002034534 0.13395498750508675 0.0
0.23679009252049066 0.1341975231301231 0.0
0.23776023502063598 0.13444005875515944 0.0
0.2387303775207813 0.13468259438019578 0.0
0.23970052002092662 0.13492513000523212 0.0
0.24067066252107194 0.13516766563026847 0.0
0.24164080502121726 0.1354102012553048 0.0
0.24261094752136259 0.13565273688034116 0.0
0.2435810900215079 0.1358952725053775 0.0
0.24455123252165323 0.13613780813041385 0.0
0.24552137502179855 0.1363803437554502 0.0
0.24649151752194387 0.13662287938048653 0.0
0.2474616600220892 0.13686541500552288 0.0
0.2484318025222345 0.13710795063055922 0.0
0.24940194502237983 0.13735048625559557 0.0
0.25037208752252516 0.1375930218806319 0.0
0.2513422300226705 0.13783555750566825 0.0
0.2523123725228158 0.1380780931307046 0.0
0.2532825150229611 0.13832062875574094 0.0
0.25425265752310644 0.1385631643807773 0.0
0.25522280002325176 0.13880570000581363 0.0
0.2561929425233971 0.13904823563084998 0.0
0.2571630850235424 0.13929077125588632 0.0
0.2581332275236877 0.13953330688092266 0.0
0.25910337002383305 0.139775842505959 0.0
0.26007351252397837 0.14001837813099535 0.0
0.2610436550241237 0.1402609137560317 0.0
0.262013797524269 0.14050344938106804 0.0
0.26298394002441433 0.14074598500610438 0.0
0.26395408252455965 0.14098852063114073 0.0
0.264924225024705 0.14123105625617707 0.0
0.2658943675248503 0.14147359188121342 0.0
0.2668645100249956 0.14171612750624976 0.0
0.26783465252514094 0.1419586631312861 0.0
0.26880479502528626 0.14220119875632245 0.0
0.2697749375254316 0.1424437343813588 0.0
0.2707450800255769 0.14268627000639514 0.0
0.2717152225257222 0.14292880563143148 0.0
0.27268536502586754 0.14317134125646783 0.0
0.27365550752601286 0.14341387688150417 0.0
0.2746256500261582 0.14365641250654052 0.0
0.2755957925263035 0.14389894813157686 0.0
0.27656593502644883 0.1441414837566132 0.0
0.27753607752659415 0.14438401938164955 0.0
0.27850622002673947 0.1446265550066859 0.0
0.2794763625268848 0.14486909063172224 0.0
0.2804465050270301 0.14511162625675858 0.0
0.28141664752717543 0.14535416188179492 0.0
0.28238679002732076 0.14559669750683127 0.0
0.2833569325274661 0.1458392331318676 0.0
0.2843270750276114 0.14608176875690396 0.0
0.2852972175277567 0.1463243043819403 0.0
0.28626736002790204 0.14656684000697665 0.0
0.28723750252804736 0.146809375632013 0.0
0.2882076450281927 0.14705191125704933 0.0
0.289177787528338 0.14729444688208568 0.0
0.2901479300284833 0.14753698250712202 0.0
0.29111807252862865 0.14777951813215837 0.0
0.29208821502877397 0.1480220537571947 0.0
0.2930583575289193 0.14826458938223105 0.0
0.2940285000290646 0.1485071250072674 0.0
0.29499864252920993 0.14874966063230374 0.0
0.29596878502935525 0.1489921962573401 0.0
0.2969389275295006 0.14923473188237643 0.0
0.2979090700296459 0.14947726750741278 0.0
0.2988792125297912 0.14971980313244912 0.0
0.29984935502993654 0.14996233875748546 0.0
0.30081949753008186 0.1502048743825218 0.0
0.3017896400302272 0.15044741000755815 0.0
0.3027597825303725 0.1506899456325945 0.0
0.3037299250305178 0.15093248125763084 0.0
0.30470006753066314 0.15117501688266718 0.0
0.30567021003080846 0.15141755250770353 0.0
0.3066403525309538 0.15166008813273987 0.0
0.3076104950310991 0.15190262375777622 0.0
0.30858063753124443 0.15214515938281256 0.0
0.30955078003138975 0.1523876950078489 0.0
0.31052092253153507 0.15263023063288525 0.0
0.3114910650316804 0.1528727662579216 0.0
0.3124612075318257 0.15311530188295794 0.0
0.31343135003197103 0.15335783750799428 0.0
0.31440149253211636 0.15360037313303063 0.0
0.3153716350322617 0.15384290875806697 0.0
0.316341777532407 0.15408544438310331 0.0
0.3173119200325523 0.15432798000813966 0.0
0.31828206253269764 0.154570515633176 0.0
0.31925220503284296 0.15481305125821235 0.0
0.3202223475329883 0.1550555868832487 0.0
0.3211924900331336 0.15529812250828504 0.0
0.3221626325332789 0.15554065813332138 0.0
0.32313277503342425 0.15578319375835772 0.0
0.32410291753356957 0.15602572938339407 0.0
0.3250730600337149 0.1562682650084304 0.0
0.3260432025338602 0.15651080063346676 0.0
0.32701334503400553 0.1567533362585031 0.0
0.32798348753415085 0.15699587188353945 0.0
0.3289536300342962 0.1572384075085758 0.0
0.3299237725344415 0.15748094313361213 0.0
0.3308939150345868 0.15772347875864848 0.0
0.33186405753473214 0.15796601438368482 0.0
0.33283420003487746 0.15820855000872117 0.0
0.3338043425350228 0.1584510856337575 0.0
0.3347744850351681 0.15869362125879385 0.0
0.3357446275353134 0.1589361568838302 0.0
0.33671477003545874 0.15917869250886654 0.0
0.33768491253560406 0.1594212281339029 0.0
0.3386550550357494 0.15966376375893923 0.0
0.3396251975358947 0.15990629938397558 0.0
0.34059534003604003 0.16014883500901192 0.0
0.34156548253618535 0.16039137063404826 0.0
0.34253562503633067 0.1606339062590846 0.0
0.343505767536476 0.16087644188412095 0.0
0.3444759100366213 0.1611189775091573 0.0
0.34544605253676663 0.16136151313419364 0.0
0.34641619503691196 0.16160404875922998 0.0
0.3473863375370573 0.16184658438426633 0.0
0.3483564800372026 0.16208912000930267 0.0
0.3493266225373479 0.16233165563433902 0.0
0.35029676503749324 0.16257419125937536 0.0
0.35126690753763856 0.1628167268844117 0.0
0.3522370500377839 0.16305926250944805 0.0
0.3532071925379292 0.1633017981344844 0.0
0.3541773350380745 0.16354433375952074 0.0
0.35514747753821985 0.16378686938455708 0.0
0.35611762003836517 0.16402940500959343 0.0
0.3570877625385105 0.16427194063462977 0.0
0.3580579050386558 0.16451447625966611 0.0
0.35902804753880113 0.16475701188470246 0.0
0.35999819003894645 0.1649995475097388 0.0
0.3609683325390918 0.16524208313477515 0.0
0.3619384750392371 0.1654846187598115 0.0
0.3629086175393824 0.16572715438484784 0.0
0.36387876003952774 0.16596969000988418 0.0
0.36484890253967306 0.16621222563492052 0.0
0.3658190450398184 0.16645476125995687 0.0
0.3667891875399637 0.1666972968849932 0.0
0.367759330040109 0.16693983251002956 0.0
0.36872947254025434 0.1671823681350659 0.0
0.36969961504039967 0.16742490376010224 0.0
0.370669757540545 0.1676674393851386 0.0
0.3716399000406903 0.16790997501017493 0.0
0.37261004254083563 0.16815251063521128 0.0
0.37358018504098095 0.16839504626024762 0.0
0.37455032754112627 0.16863758188528397 0.0
0.3755204700412716 0.1688801175103203 0.0
0.3764906125414169 0.16912265313535665 0.0
0.37746075504156223 0.169365188760393 0.0
0.37843089754170756 0.16960772438542934 0.0
0.3794010400418529 0.1698502600104657 0.0
0.3803711825419982 0.17009279563550203 0.0
0.3813413250421435 0.17033533126053838 0.0
0.38231146754228884 0.17057786688557472 0.0
0.38328161004243416 0.17082040251061106 0.0
0.3842517525425795 0.1710629381356474 0.0
0.3852218950427248 0.17130547376068375 0.0
0.3861920375428701 0.1715480093857201 0.0
0.38716218004301545 0.17179054501075644 0.0
0.38813232254316077 0.17203308063579278 0.0
0.3891024650433061 0.17227561626082913 0.0
0.3900726075434514 0.17251815188586547 0.0
0.39104275004359673 0.17276068751090182 0.0
0.39201289254374205 0.17300322313593816 0.0
0.3929830350438874 0.1732457587609745 0.0
0.3939531775440327 0.17348829438601085 0.0
0.394923320044178 0.1737308300110472 0.0
0.39589346254432334 0.17397336563608354 0.0
0.39686360504446866 0.17421590126111988 0.0
0.397833747544614 0.17445843688615623 0.0
0.3988038900447593 0.17470097251119257 0.0
0.3997740325449046 0.17494350813622891 0.0
0.40074417504504994 0.17518604376126526 0.0
0.40171431754519527 0.1754285793863016 0.0
0.4026844600453406 0.17567111501133795 0.0
0.4036546025454859 0.1759136506363743 0.0
0.40462474504563123 0.17615618626141064 0.0
0.40559488754577655 0.17639872188644698 0.0
0.40656503004592187 0.17664125751148332 0.0
0.4075351725460672 0.17688379313651967 0.0
0.4085053150462125 0.177126328761556 0.0
0.40947545754635783 0.17736886438659236 0.0
0.41044560004650316 0.1776114000116287 0.0
0.4114157425466485 0.17785393563666504 0.0
0.4123858850467938 0.1780964712617014 0.0
0.4133560275469391 0.17833900688673773 0.0
0.41432617004708444 0.17858154251177408 0.0
0.41529631254722976 0.17882407813681042 0.0
0.4162664550473751 0.17906661376184677 0.0
0.4172365975475204 0.1793091493868831 0.0
0.4182067400476657 0.17955168501191945 0.0
0.41917688254781105 0.1797942206369558 0.0
0.42014702504795637 0.18003675626199214 0.0
0.4211171675481017 0.1802792918870285 0.0
0.422087310048247 0.18052182751206483 0.0
0.42305745254839233 0.18076436313710117 0.0
0.42402759504853765 0.18100689876213752 0.0
0.424997737548683 0.18124943438717386 0.0
0.4259678800488283 0.1814919700122102 0.0
0.4269380225489736 0.18173450563724655 0.0
0.42790816504911894 0.1819770412622829 0.0
0.42887830754926426 0.18221957688731924 0.0
0.4298484500494096 0.18246211251235558 0.0
0.4308185925495549 0.18270464813739193 0.0
0.4317887350497002 0.18294718376242827 0.0
0.43275887754984554 0.18318971938746462 0.0
0.43372902004999087 0.18343225501250096 0.0
0.4346991625501362 0.1836747906375373 0.0
0.4356693050502815 0.18391732626257365 0.0
0.43663944755042683 0.18415986188761 0.0
0.43760959005057215 0.18440239751264634 0.0
0.43857973255071747 0.18464493313768268 0.0
0.4395498750508628 0.18488746876271903 0.0
0.4405200175510081 0.18513000438775537 0.0
0.44149016005115344 0.18537254001279171 0.0
0.44246030255129876 0.18561507563782806 0.0
0.4434304450514441 0.1858576112628644 0.0
0.4444005875515894 0.18610014688790075 0.0
0.4453707300517347 0.1863426825129371 0.0
0.44634087255188004 0.18658521813797344 0.0
0.44731101505202536 0.18682775376300978 0.0
0.4482811575521707 0.18707028938804612 0.0
0.449251300052316 0.18731282501308247 0.0
0.4502214425524613 0.1875553606381188 0.0
0.45119158505260665 0.18779789626315516 0.0
0.45216172755275197 0.1880404318881915 0.0
0.4531318700528973 0.18828296751322784 0.0
0.4541020125530426 0.1885255031382642 0.0
0.45507215505318793 0.18876803876330053 0.0
0.45604229755333325 0.18901057438833688 0.0
0.4570124400534786 0.18925311001337322 0.0
0.4579825825536239 0.18949564563840957 0.0
0.4589527250537692 0.1897381812634459 0.0
0.45992286755391454 0.18998071688848225 0.0
0.46089301005405986 0.1902232525135186 0.0
0.4618631525542052 0.19046578813855494 0.0
0.4628332950543505 0.1907083237635913 0.0
0.4638034375544958 0.19095085938862763 0.0
0.46477358005464114 0.19119339501366397 0.0
0.46574372255478647 0.19143593063870032 0.0
0.4667138650549318 0.19167846626373666 0.0
0.4676840075550771 0.191921001888773 0.0
0.46865415005522243 0.19216353751380935 0.0
0.46962429255536775 0.1924060731388457 0.0
0.47059443505551307 0.19264860876388204 0.0
0.4715645775556584 0.19289114438891838 0.0
0.4725347200558037 0.19313368001395473 0.0
0.47350486255594904 0.19337621563899107 0.0
0.47447500505609436 0.19361875126402742 0.0
0.4754451475562397 0.19386128688906376 0.0
0.476415290056385 0.1941038225141001 0.0
0.4773854325565303 0.19434635813913645 0.0
0.47835557505667564 0.1945888937641728 0.0
0.47932571755682096 0.19483142938920914 0.0
0.4802958600569663 0.19507396501424548 0.0
0.4812660025571116 0.19531650063928183 0.0
0.4822361450572569 0.19555903626431817 0.0
0.48320628755740225 0.19580157188935451 0.0
0.48417643005754757 0.19604410751439086 0.0
0.4851465725576929 0.1962866431394272 0.0
0.4861167150578382 0.19652917876446355 0.0
0.48708685755798353 0.1967717143894999 0.0
0.48805700005812885 0.19701425001453624 0.0
0.4890271425582742 0.19725678563957258 0.0
0.4899972850584195 0.19749932126460892 0.0
0.4909674275585648 0.19774185688964527 0.0
0.49193757005871014 0.1979843925146816 0.0
0.49290771255885546 0.19822692813971796 0.0
0.4938778550590008 0.1984694637647543 0.0
0.4948479975591461 0.19871199938979064 0.0
0.4958181400592914 0.198954535014827 0.0
0.49678828255943674 0.19919707063986333 0.0
0.49775842505958207 0.19943960626489968 0.0
0.4987285675597274 0.19968214188993602 0.0
0.4996987100598727 0.19992467751497237 0.0
0.5 0.2 0.0
