414 
0.1 0.1 0.0
0.10096852300242132 0.10024213075060533 0.0
0.10193704600484263 0.10048426150121065 0.0
0.10290556900726394 0.10072639225181597 0.0
0.10387409200968525 0.10096852300242129 0.0
0.10484261501210657 0.10121065375302661 0.0
0.10581113801452788 0.10145278450363193 0.0
0.10677966101694919 0.10169491525423725 0.0
0.1077481840193705 0.10193704600484257 0.0
0.10871670702179181 0.1021791767554479 0.0
0.10968523002421313 0.10242130750605322 0.0
0.11065375302663444 0.10266343825665854 0.0
0.11162227602905575 0.10290556900726386 0.0
0.11259079903147706 0.10314769975786918 0.0
0.11355932203389837 0.1033898305084745 0.0
0.11452784503631969 0.10363196125907982 0.0
0.115496368038741 0.10387409200968514 0.0
0.11646489104116231 0.10411622276029046 0.0
0.11743341404358362 0.10435835351089578 0.0
0.11840193704600493 0.1046004842615011 0.0
0.11937046004842625 0.10484261501210643 0.0
0.12033898305084756 0.10508474576271175 0.0
0.12130750605326887 0.10532687651331707 0.0
0.12227602905569018 0.10556900726392239 0.0
0.1232445520581115 0.10581113801452771 0.0
0.12421307506053281 0.10605326876513303 0.0
0.12518159806295412 0.10629539951573835 0.0
0.12615012106537543 0.10653753026634367 0.0
0.12711864406779674 0.106779661016949 0.0
0.12808716707021806 0.10702179176755432 0.0
0.12905569007263937 0.10726392251815964 0.0
0.13002421307506068 0.10750605326876496 0.0
0.130992736077482 0.10774818401937028 0.0
0.1319612590799033 0.1079903147699756 0.0
0.13292978208232462 0.10823244552058092 0.0
0.13389830508474593 0.10847457627118624 0.0
0.13486682808716724 0.10871670702179156 0.0
0.13583535108958855 0.10895883777239689 0.0
0.13680387409200986 0.1092009685230022 0.0
0.13777239709443118 0.10944309927360753 0.0
0.1387409200968525 0.10968523002421285 0.0
0.1397094430992738 0.10992736077481817 0.0
0.1406779661016951 0.11016949152542349 0.0
0.14164648910411642 0.11041162227602881 0.0
0.14261501210653774 0.11065375302663413 0.0
0.14358353510895905 0.11089588377723945 0.0
0.14455205811138036 0.11113801452784478 0.0
0.14552058111380167 0.1113801452784501 0.0
0.14648910411622298 0.11162227602905542 0.0
0.1474576271186443 0.11186440677966074 0.0
0.1484261501210656 0.11210653753026606 0.0
0.14939467312348692 0.11234866828087138 0.0
0.15036319612590823 0.1125907990314767 0.0
0.15133171912832954 0.11283292978208202 0.0
0.15230024213075086 0.11307506053268734 0.0
0.15326876513317217 0.11331719128329266 0.0
0.15423728813559348 0.11355932203389799 0.0
0.1552058111380148 0.1138014527845033 0.0
0.1561743341404361 0.11404358353510863 0.0
0.15714285714285742 0.11428571428571395 0.0
0.15811138014527873 0.11452784503631927 0.0
0.15907990314770004 0.11476997578692459 0.0
0.16004842615012135 0.11501210653752991 0.0
0.16101694915254267 0.11525423728813523 0.0
0.16198547215496398 0.11549636803874055 0.0
0.1629539951573853 0.11573849878934588 0.0
0.1639225181598066 0.1159806295399512 0.0
0.1648910411622279 0.11622276029055652 0.0
0.16585956416464923 0.11646489104116184 0.0
0.16682808716707054 0.11670702179176716 0.0
0.16779661016949185 0.11694915254237248 0.0
0.16876513317191316 0.1171912832929778 0.0
0.16973365617433447 0.11743341404358312 0.0
0.17070217917675579 0.11767554479418844 0.0
0.1716707021791771 0.11791767554479377 0.0
0.1726392251815984 0.11815980629539909 0.0
0.17360774818401972 0.11840193704600441 0.0
0.17457627118644103 0.11864406779660973 0.0
0.17554479418886235 0.11888619854721505 0.0
0.17651331719128366 0.11912832929782037 0.0
0.17748184019370497 0.11937046004842569 0.0
0.17845036319612628 0.11961259079903101 0.0
0.1794188861985476 0.11985472154963633 0.0
0.1803874092009689 0.12009685230024165 0.0
0.18135593220339022 0.12033898305084698 0.0
0.18232445520581153 0.1205811138014523 0.0
0.18329297820823284 0.12082324455205762 0.0
0.18426150121065415 0.12106537530266294 0.0
0.18523002421307547 0.12130750605326826 0.0
0.18619854721549678 0.12154963680387358 0.0
0.1871670702179181 0.1217917675544789 0.0
0.1881355932203394 0.12203389830508422 0.0
0.18910411622276072 0.12227602905568954 0.0
0.19007263922518203 0.12251815980629487 0.0
0.19104116222760334 0.12276029055690019 0.0
0.19200968523002465 0.12300242130750551 0.0
0.19297820823244596 0.12324455205811083 0.0
0.19394673123486728 0.12348668280871615 0.0
0.1949152542372886 0.12372881355932147 0.0
0.1958837772397099 0.12397094430992679 0.0
0.1968523002421312 0.12421307506053211 0.0
0.19782082324455252 0.12445520581113743 0.0
0.19878934624697384 0.12469733656174276 0.0
0.19975786924939515 0.12493946731234808 0.0
0.20072639225181646 0.1251815980629534 0.0
0.20169491525423777 0.12542372881355873 0.0
0.20266343825665908 0.12566585956416407 0.0
0.2036319612590804 0.1259079903147694 0.0
0.2046004842615017 0.12615012106537474 0.0
0.20556900726392302 0.12639225181598007 0.0
0.20653753026634433 0.1266343825665854 0.0
0.20750605326876564 0.12687651331719074 0.0
0.20847457627118696 0.12711864406779608 0.0
0.20944309927360827 0.1273607748184014 0.0
0.21041162227602958 0.12760290556900675 0.0
0.2113801452784509 0.12784503631961208 0.0
0.2123486682808722 0.12808716707021742 0.0
0.21331719128329352 0.12832929782082275 0.0
0.21428571428571483 0.1285714285714281 0.0
0.21525423728813614 0.12881355932203342 0.0
0.21622276029055745 0.12905569007263876 0.0
0.21719128329297877 0.1292978208232441 0.0
0.21815980629540008 0.12953995157384943 0.0
0.2191283292978214 0.12978208232445476 0.0
0.2200968523002427 0.1300242130750601 0.0
0.221065375302664 0.13026634382566543 0.0
0.22203389830508533 0.13050847457627077 0.0
0.22300242130750664 0.1307506053268761 0.0
0.22397094430992795 0.13099273607748144 0.0
0.22493946731234926 0.13123486682808677 0.0
0.22590799031477057 0.1314769975786921 0.0
0.22687651331719189 0.13171912832929744 0.0
0.2278450363196132 0.13196125907990278 0.0
0.2288135593220345 0.1322033898305081 0.0
0.22978208232445582 0.13244552058111345 0.0
0.23075060532687713 0.13268765133171878 0.0
0.23171912832929845 0.13292978208232412 0.0
0.23268765133171976 0.13317191283292945 0.0
0.23365617433414107 0.13341404358353479 0.0
0.23462469733656238 0.13365617433414012 0.0
0.2355932203389837 0.13389830508474546 0.0
0.236561743341405 0.1341404358353508 0.0
0.23753026634382632 0.13438256658595613 0.0
0.23849878934624763 0.13462469733656146 0.0
0.23946731234866894 0.1348668280871668 0.0
0.24043583535109025 0.13510895883777213 0.0
0.24140435835351157 0.13535108958837747 0.0
0.24237288135593288 0.1355932203389828 0.0
0.2433414043583542 0.13583535108958814 0.0
0.2443099273607755 0.13607748184019347 0.0
0.24527845036319681 0.1363196125907988 0.0
0.24624697336561813 0.13656174334140414 0.0
0.24721549636803944 0.13680387409200948 0.0
0.24818401937046075 0.1370460048426148 0.0
0.24915254237288206 0.13728813559322015 0.0
0.2501210653753034 0.13753026634382548 0.0
0.25108958837772466 0.13777239709443082 0.0
0.25205811138014594 0.13801452784503615 0.0
0.25302663438256723 0.13825665859564149 0.0
0.2539951573849885 0.13849878934624682 0.0
0.2549636803874098 0.13874092009685215 0.0
0.2559322033898311 0.1389830508474575 0.0
0.25690072639225237 0.13922518159806282 0.0
0.25786924939467365 0.13946731234866816 0.0
0.25883777239709493 0.1397094430992735 0.0
0.2598062953995162 0.13995157384987883 0.0
0.2607748184019375 0.14019370460048416 0.0
0.2617433414043588 0.1404358353510895 0.0
0.26271186440678007 0.14067796610169483 0.0
0.26368038740920136 0.14092009685230017 0.0
0.26464891041162264 0.1411622276029055 0.0
0.2656174334140439 0.14140435835351084 0.0
0.2665859564164652 0.14164648910411617 0.0
0.2675544794188865 0.1418886198547215 0.0
0.2685230024213078 0.14213075060532684 0.0
0.26949152542372906 0.14237288135593218 0.0
0.27046004842615035 0.14261501210653751 0.0
0.27142857142857163 0.14285714285714285 0.0
0.2723970944309929 0.14309927360774818 0.0
0.2733656174334142 0.14334140435835352 0.0
0.2743341404358355 0.14358353510895885 0.0
0.27530266343825677 0.1438256658595642 0.0
0.27627118644067805 0.14406779661016952 0.0
0.27723970944309934 0.14430992736077486 0.0
0.2782082324455206 0.1445520581113802 0.0
0.2791767554479419 0.14479418886198553 0.0
0.2801452784503632 0.14503631961259086 0.0
0.2811138014527845 0.1452784503631962 0.0
0.28208232445520576 0.14552058111380153 0.0
0.28305084745762704 0.14576271186440687 0.0
0.2840193704600483 0.1460048426150122 0.0
0.2849878934624696 0.14624697336561754 0.0
0.2859564164648909 0.14648910411622287 0.0
0.2869249394673122 0.1467312348668282 0.0
0.28789346246973346 0.14697336561743354 0.0
0.28886198547215475 0.14721549636803888 0.0
0.28983050847457603 0.1474576271186442 0.0
0.2907990314769973 0.14769975786924955 0.0
0.2917675544794186 0.14794188861985488 0.0
0.2927360774818399 0.14818401937046022 0.0
0.29370460048426117 0.14842615012106555 0.0
0.29467312348668245 0.1486682808716709 0.0
0.29564164648910374 0.14891041162227622 0.0
0.296610169491525 0.14915254237288156 0.0
0.2975786924939463 0.1493946731234869 0.0
0.2985472154963676 0.14963680387409223 0.0
0.2995157384987889 0.14987893462469756 0.0
0.30048426150121016 0.1501210653753029 0.0
0.30145278450363144 0.15036319612590823 0.0
0.30242130750605273 0.15060532687651357 0.0
0.303389830508474 0.1508474576271189 0.0
0.3043583535108953 0.15108958837772424 0.0
0.3053268765133166 0.15133171912832957 0.0
0.30629539951573787 0.1515738498789349 0.0
0.30726392251815915 0.15181598062954024 0.0
0.30823244552058043 0.15205811138014558 0.0
0.3092009685230017 0.1523002421307509 0.0
0.310169491525423 0.15254237288135625 0.0
0.3111380145278443 0.15278450363196158 0.0
0.31210653753026557 0.15302663438256692 0.0
0.31307506053268686 0.15326876513317225 0.0
0.31404358353510814 0.1535108958837776 0.0
0.3150121065375294 0.15375302663438292 0.0
0.3159806295399507 0.15399515738498826 0.0
0.316949152542372 0.1542372881355936 0.0
0.3179176755447933 0.15447941888619893 0.0
0.31888619854721456 0.15472154963680426 0.0
0.31985472154963585 0.1549636803874096 0.0
0.32082324455205713 0.15520581113801493 0.0
0.3217917675544784 0.15544794188862027 0.0
0.3227602905568997 0.1556900726392256 0.0
0.323728813559321 0.15593220338983094 0.0
0.32469733656174227 0.15617433414043627 0.0
0.32566585956416355 0.1564164648910416 0.0
0.32663438256658484 0.15665859564164694 0.0
0.3276029055690061 0.15690072639225228 0.0
0.3285714285714274 0.1571428571428576 0.0
0.3295399515738487 0.15738498789346295 0.0
0.33050847457627 0.15762711864406828 0.0
0.33147699757869126 0.15786924939467362 0.0
0.33244552058111254 0.15811138014527895 0.0
0.3334140435835338 0.1583535108958843 0.0
0.3343825665859551 0.15859564164648962 0.0
0.3353510895883764 0.15883777239709496 0.0
0.3363196125907977 0.1590799031477003 0.0
0.33728813559321896 0.15932203389830563 0.0
0.33825665859564025 0.15956416464891096 0.0
0.33922518159806153 0.1598062953995163 0.0
0.3401937046004828 0.16004842615012163 0.0
0.3411622276029041 0.16029055690072697 0.0
0.3421307506053254 0.1605326876513323 0.0
0.34309927360774667 0.16077481840193764 0.0
0.34406779661016795 0.16101694915254297 0.0
0.34503631961258924 0.1612590799031483 0.0
0.3460048426150105 0.16150121065375364 0.0
0.3469733656174318 0.16174334140435898 0.0
0.3479418886198531 0.1619854721549643 0.0
0.3489104116222744 0.16222760290556965 0.0
0.34987893462469566 0.16246973365617498 0.0
0.35084745762711694 0.16271186440678032 0.0
0.3518159806295382 0.16295399515738565 0.0
0.3527845036319595 0.16319612590799099 0.0
0.3537530266343808 0.16343825665859632 0.0
0.3547215496368021 0.16368038740920166 0.0
0.35569007263922336 0.163922518159807 0.0
0.35665859564164465 0.16416464891041233 0.0
0.35762711864406593 0.16440677966101766 0.0
0.3585956416464872 0.164648910411623 0.0
0.3595641646489085 0.16489104116222833 0.0
0.3605326876513298 0.16513317191283367 0.0
0.36150121065375107 0.165375302663439 0.0
0.36246973365617235 0.16561743341404433 0.0
0.36343825665859364 0.16585956416464967 0.0
0.3644067796610149 0.166101694915255 0.0
0.3653753026634362 0.16634382566586034 0.0
0.3663438256658575 0.16658595641646567 0.0
0.3673123486682788 0.166828087167071 0.0
0.36828087167070006 0.16707021791767634 0.0
0.36924939467312135 0.16731234866828168 0.0
0.37021791767554263 0.16755447941888701 0.0
0.3711864406779639 0.16779661016949235 0.0
0.3721549636803852 0.16803874092009768 0.0
0.3731234866828065 0.16828087167070302 0.0
0.37409200968522777 0.16852300242130835 0.0
0.37506053268764905 0.1687651331719137 0.0
0.37602905569007034 0.16900726392251902 0.0
0.3769975786924916 0.16924939467312436 0.0
0.3779661016949129 0.1694915254237297 0.0
0.3789346246973342 0.16973365617433503 0.0
0.3799031476997555 0.16997578692494036 0.0
0.38087167070217676 0.1702179176755457 0.0
0.38184019370459804 0.17046004842615103 0.0
0.3828087167070193 0.17070217917675637 0.0
0.3837772397094406 0.1709443099273617 0.0
0.3847457627118619 0.17118644067796704 0.0
0.3857142857142832 0.17142857142857237 0.0
0.38668280871670446 0.1716707021791777 0.0
0.38765133171912575 0.17191283292978304 0.0
0.38861985472154703 0.17215496368038838 0.0
0.3895883777239683 0.1723970944309937 0.0
0.3905569007263896 0.17263922518159905 0.0
0.3915254237288109 0.17288135593220438 0.0
0.39249394673123217 0.17312348668280972 0.0
0.39346246973365345 0.17336561743341505 0.0
0.39443099273607474 0.1736077481840204 0.0
0.395399515738496 0.17384987893462572 0.0
0.3963680387409173 0.17409200968523106 0.0
0.3973365617433386 0.1743341404358364 0.0
0.3983050847457599 0.17457627118644173 0.0
0.39927360774818116 0.17481840193704706 0.0
0.40024213075060244 0.1750605326876524 0.0
0.4012106537530237 0.17530266343825773 0.0
0.402179176755445 0.17554479418886307 0.0
0.4031476997578663 0.1757869249394684 0.0
0.4041162227602876 0.17602905569007374 0.0
0.40508474576270886 0.17627118644067907 0.0
0.40605326876513015 0.1765133171912844 0.0
0.40702179176755143 0.17675544794188974 0.0
0.4079903147699727 0.17699757869249508 0.0
0.408958837772394 0.1772397094431004 0.0
0.4099273607748153 0.17748184019370575 0.0
0.41089588377723657 0.17772397094431108 0.0
0.41186440677965785 0.17796610169491642 0.0
0.41283292978207914 0.17820823244552175 0.0
0.4138014527845004 0.1784503631961271 0.0
0.4147699757869217 0.17869249394673242 0.0
0.415738498789343 0.17893462469733776 0.0
0.4167070217917643 0.1791767554479431 0.0
0.41767554479418556 0.17941888619854843 0.0
0.41864406779660684 0.17966101694915376 0.0
0.41961259079902813 0.1799031476997591 0.0
0.4205811138014494 0.18014527845036443 0.0
0.4215496368038707 0.18038740920096977 0.0
0.422518159806292 0.1806295399515751 0.0
0.42348668280871327 0.18087167070218044 0.0
0.42445520581113455 0.18111380145278577 0.0
0.42542372881355583 0.1813559322033911 0.0
0.4263922518159771 0.18159806295399644 0.0
0.4273607748183984 0.18184019370460178 0.0
0.4283292978208197 0.1820823244552071 0.0
0.42929782082324097 0.18232445520581245 0.0
0.43026634382566226 0.18256658595641778 0.0
0.43123486682808354 0.18280871670702312 0.0
0.4322033898305048 0.18305084745762845 0.0
0.4331719128329261 0.1832929782082338 0.0
0.4341404358353474 0.18353510895883912 0.0
0.4351089588377687 0.18377723970944446 0.0
0.43607748184018996 0.1840193704600498 0.0
0.43704600484261125 0.18426150121065513 0.0
0.43801452784503253 0.18450363196126046 0.0
0.4389830508474538 0.1847457627118658 0.0
0.4399515738498751 0.18498789346247113 0.0
0.4409200968522964 0.18523002421307647 0.0
0.44188861985471767 0.1854721549636818 0.0
0.44285714285713895 0.18571428571428714 0.0
0.44382566585956024 0.18595641646489247 0.0
0.4447941888619815 0.1861985472154978 0.0
0.4457627118644028 0.18644067796610314 0.0
0.4467312348668241 0.18668280871670848 0.0
0.4476997578692454 0.1869249394673138 0.0
0.44866828087166666 0.18716707021791915 0.0
0.44963680387408794 0.18740920096852448 0.0
0.4506053268765092 0.18765133171912982 0.0
0.4515738498789305 0.18789346246973515 0.0
0.4525423728813518 0.18813559322034049 0.0
0.4535108958837731 0.18837772397094582 0.0
0.45447941888619436 0.18861985472155116 0.0
0.45544794188861565 0.1888619854721565 0.0
0.45641646489103693 0.18910411622276183 0.0
0.4573849878934582 0.18934624697336716 0.0
0.4583535108958795 0.1895883777239725 0.0
0.4593220338983008 0.18983050847457783 0.0
0.46029055690072207 0.19007263922518317 0.0
0.46125907990314335 0.1903147699757885 0.0
0.46222760290556464 0.19055690072639384 0.0
0.4631961259079859 0.19079903147699917 0.0
0.4641646489104072 0.1910411622276045 0.0
0.4651331719128285 0.19128329297820984 0.0
0.4661016949152498 0.19152542372881518 0.0
0.46707021791767106 0.1917675544794205 0.0
0.46803874092009234 0.19200968523002584 0.0
0.46900726392251363 0.19225181598063118 0.0
0.4699757869249349 0.19249394673123651 0.0
0.4709443099273562 0.19273607748184185 0.0
0.4719128329297775 0.19297820823244718 0.0
0.47288135593219877 0.19322033898305252 0.0
0.47384987893462005 0.19346246973365785 0.0
0.47481840193704133 0.1937046004842632 0.0
0.4757869249394626 0.19394673123486852 0.0
0.4767554479418839 0.19418886198547386 0.0
0.4777239709443052 0.1944309927360792 0.0
0.47869249394672647 0.19467312348668453 0.0
0.47966101694914776 0.19491525423728986 0.0
0.48062953995156904 0.1951573849878952 0.0
0.4815980629539903 0.19539951573850053 0.0
0.4825665859564116 0.19564164648910587 0.0
0.4835351089588329 0.1958837772397112 0.0
0.4845036319612542 0.19612590799031654 0.0
0.48547215496367546 0.19636803874092187 0.0
0.48644067796609675 0.1966101694915272 0.0
0.48740920096851803 0.19685230024213254 0.0
0.4883777239709393 0.19709443099273788 0.0
0.4893462469733606 0.19733656174334321 0.0
0.4903147699757819 0.19757869249394855 0.0
0.49128329297820317 0.19782082324455388 0.0
0.49225181598062445 0.19806295399515922 0.0
0.49322033898304574 0.19830508474576455 0.0
0.494188861985467 0.1985472154963699 0.0
0.4951573849878883 0.19878934624697522 0.0
0.4961259079903096 0.19903147699758056 0.0
0.4970944309927309 0.1992736077481859 0.0
0.49806295399515216 0.19951573849879123 0.0
0.49903147699757344 0.19975786924939656 0.0
0.4999999999999947 0.2000000000000019 0.0
0.5 0.2 0.0
